/*--------------------------------*- C++ -*----------------------------------*\
 | =========                 |                                                 |
 | \\      /  F ield         | OpenFOAM: The Open Source CFD Toolbox           |
 |  \\    /   O peration     | Version:  2.3.1                                 |
 |   \\  /    A nd           | Web:      www.OpenFOAM.org                      |
 |    \\/     M anipulation  |                                                 |
 \*---------------------------------------------------------------------------*/
 FoamFile
 {
     version     2.0;
     format      ascii;
     class       dictionary;
     object      blockMeshDict;
 }
 // * * * * * * * * * * * * * * * * * * * * * * * * * * * * * * * * * * * * * //
 
 convertToMeters 0.1;
 
 vertices
 (
        (-0.5  2.   0. )
	(-0.5  1.9  0. )
	(-0.5  1.7  0. )
	(-0.5  1.3  0. )
	(-0.5  1.1  0. )
	(-0.5  1.   0. )
	(-0.5  2.   0.1)
	(-0.5  1.9  0.1)
	(-0.5  1.7  0.1)
	(-0.5  1.3  0.1)
	(-0.5  1.1  0.1)
	(-0.5  1.   0.1)
	(-0.4  2.   0. )
	(-0.4  1.9  0. )
	(-0.4  1.7  0. )
	(-0.4  1.3  0. )
	(-0.4  1.1  0. )
	(-0.4  1.   0. )
	(-0.4  2.   0.1)
	(-0.4  1.9  0.1)
	(-0.4  1.7  0.1)
	(-0.4  1.3  0.1)
	(-0.4  1.1  0.1)
	(-0.4  1.   0.1)
	(-0.3  2.   0. )
	(-0.3  1.9  0. )
	(-0.3  1.7  0. )
	(-0.3  1.3  0. )
	(-0.3  1.1  0. )
	(-0.3  1.   0. )
	(-0.3  2.   0.1)
	(-0.3  1.9  0.1)
	(-0.3  1.7  0.1)
	(-0.3  1.3  0.1)
	(-0.3  1.1  0.1)
	(-0.3  1.   0.1)
	(-0.2  2.   0. )
	(-0.2  1.9  0. )
	(-0.2  1.7  0. )
	(-0.2  1.3  0. )
	(-0.2  1.1  0. )
	(-0.2  1.   0. )
	(-0.2  2.   0.1)
	(-0.2  1.9  0.1)
	(-0.2  1.7  0.1)
	(-0.2  1.3  0.1)
	(-0.2  1.1  0.1)
	(-0.2  1.   0.1)
	(-0.1  2.   0. )
	(-0.1  1.9  0. )
	(-0.1  1.7  0. )
	(-0.1  1.3  0. )
	(-0.1  1.1  0. )
	(-0.1  1.   0. )
	(-0.1  2.   0.1)
	(-0.1  1.9  0.1)
	(-0.1  1.7  0.1)
	(-0.1  1.3  0.1)
	(-0.1  1.1  0.1)
	(-0.1  1.   0.1)
	(  1.22464680e-16   2.00000000e+00   0.00000000e+00)
	(  1.16341446e-16   1.90000000e+00   0.00000000e+00)
	(  1.04094978e-16   1.70000000e+00   0.00000000e+00)
	(  7.96020419e-17   1.30000000e+00   0.00000000e+00)
	(  6.73555740e-17   1.10000000e+00   0.00000000e+00)
	(  6.12323400e-17   1.00000000e+00   0.00000000e+00)
	(  1.22464680e-16   2.00000000e+00   1.00000000e-01)
	(  1.16341446e-16   1.90000000e+00   1.00000000e-01)
	(  1.04094978e-16   1.70000000e+00   1.00000000e-01)
	(  7.96020419e-17   1.30000000e+00   1.00000000e-01)
	(  6.73555740e-17   1.10000000e+00   1.00000000e-01)
	(  6.12323400e-17   1.00000000e+00   1.00000000e-01)
	( 0.16093314  1.99351462  0.        )
	( 0.15288648  1.89383889  0.        )
	( 0.13679317  1.69448742  0.        )
	( 0.10460654  1.2957845   0.        )
	( 0.08851323  1.09643304  0.        )
	( 0.08046657  0.99675731  0.        )
	( 0.16093314  1.99351462  0.1       )
	( 0.15288648  1.89383889  0.1       )
	( 0.13679317  1.69448742  0.1       )
	( 0.10460654  1.2957845   0.1       )
	( 0.08851323  1.09643304  0.1       )
	( 0.08046657  0.99675731  0.1       )
	( 0.32082256  1.97410053  0.        )
	( 0.30478143  1.8753955   0.        )
	( 0.27269918  1.67798545  0.        )
	( 0.20853467  1.28316534  0.        )
	( 0.17645241  1.08575529  0.        )
	( 0.16041128  0.98705026  0.        )
	( 0.32082256  1.97410053  0.1       )
	( 0.30478143  1.8753955   0.1       )
	( 0.27269918  1.67798545  0.1       )
	( 0.20853467  1.28316534  0.1       )
	( 0.17645241  1.08575529  0.1       )
	( 0.16041128  0.98705026  0.1       )
	( 0.47863133  1.94188363  0.        )
	( 0.45469976  1.84478945  0.        )
	( 0.40683663  1.65060109  0.        )
	( 0.31111036  1.26222436  0.        )
	( 0.26324723  1.068036    0.        )
	( 0.23931566  0.97094182  0.        )
	( 0.47863133  1.94188363  0.1       )
	( 0.45469976  1.84478945  0.1       )
	( 0.40683663  1.65060109  0.1       )
	( 0.31111036  1.26222436  0.1       )
	( 0.26324723  1.068036    0.1       )
	( 0.23931566  0.97094182  0.1       )
	( 0.63333599  1.89707288  0.        )
	( 0.60166919  1.80221924  0.        )
	( 0.53833559  1.61251195  0.        )
	( 0.41166839  1.23309737  0.        )
	( 0.34833479  1.04339009  0.        )
	( 0.31666799  0.94853644  0.        )
	( 0.63333599  1.89707288  0.1       )
	( 0.60166919  1.80221924  0.1       )
	( 0.53833559  1.61251195  0.1       )
	( 0.41166839  1.23309737  0.1       )
	( 0.34833479  1.04339009  0.1       )
	( 0.31666799  0.94853644  0.1       )
	( 0.78393322  1.83995889  0.        )
	( 0.74473656  1.74796094  0.        )
	( 0.66634324  1.56396505  0.        )
	( 0.50955659  1.19597328  0.        )
	( 0.43116327  1.01197739  0.        )
	( 0.39196661  0.91997944  0.        )
	( 0.78393322  1.83995889  0.1       )
	( 0.74473656  1.74796094  0.1       )
	( 0.66634324  1.56396505  0.1       )
	( 0.50955659  1.19597328  0.1       )
	( 0.43116327  1.01197739  0.1       )
	( 0.39196661  0.91997944  0.1       )
	( 0.92944634  1.77091205  0.        )
	( 0.88297403  1.68236645  0.        )
	( 0.79002939  1.50527524  0.        )
	( 0.60414012  1.15109283  0.        )
	( 0.51119549  0.97400163  0.        )
	( 0.46472317  0.88545603  0.        )
	( 0.92944634  1.77091205  0.1       )
	( 0.88297403  1.68236645  0.1       )
	( 0.79002939  1.50527524  0.1       )
	( 0.60414012  1.15109283  0.1       )
	( 0.51119549  0.97400163  0.1       )
	( 0.46472317  0.88545603  0.1       )
	( 1.06893165  1.69038017  0.        )
	( 1.01548507  1.60586116  0.        )
	( 0.9085919   1.43682315  0.        )
	( 0.69480557  1.09874711  0.        )
	( 0.58791241  0.92970909  0.        )
	( 0.53446583  0.84519009  0.        )
	( 1.06893165  1.69038017  0.1       )
	( 1.01548507  1.60586116  0.1       )
	( 0.9085919   1.43682315  0.1       )
	( 0.69480557  1.09874711  0.1       )
	( 0.58791241  0.92970909  0.1       )
	( 0.53446583  0.84519009  0.1       )
	( 1.20148453  1.59888553  0.        )
	( 1.1414103   1.51894125  0.        )
	( 1.02126185  1.3590527   0.        )
	( 0.78096494  1.03927559  0.        )
	( 0.66081649  0.87938704  0.        )
	( 0.60074226  0.79944276  0.        )
	( 1.20148453  1.59888553  0.1       )
	( 1.1414103   1.51894125  0.1       )
	( 1.02126185  1.3590527   0.1       )
	( 0.78096494  1.03927559  0.1       )
	( 0.66081649  0.87938704  0.1       )
	( 0.60074226  0.79944276  0.1       )
	( 1.32624532  1.4970215   0.        )
	( 1.25993305  1.42217042  0.        )
	( 1.12730852  1.27246827  0.        )
	( 0.86205946  0.97306397  0.        )
	( 0.72943492  0.82336182  0.        )
	( 0.66312266  0.74851075  0.        )
	( 1.32624532  1.4970215   0.1       )
	( 1.25993305  1.42217042  0.1       )
	( 1.12730852  1.27246827  0.1       )
	( 0.86205946  0.97306397  0.1       )
	( 0.72943492  0.82336182  0.1       )
	( 0.66312266  0.74851075  0.1       )
	( 1.44240489  1.38544871  0.        )
	( 1.37028465  1.31617627  0.        )
	( 1.22604416  1.1776314   0.        )
	( 0.93756318  0.90054166  0.        )
	( 0.79332269  0.76199679  0.        )
	( 0.72120245  0.69272435  0.        )
	( 1.44240489  1.38544871  0.1       )
	( 1.37028465  1.31617627  0.1       )
	( 1.22604416  1.1776314   0.1       )
	( 0.93756318  0.90054166  0.1       )
	( 0.79332269  0.76199679  0.1       )
	( 0.72120245  0.69272435  0.1       )
	( 1.54920992  1.26489075  0.        )
	( 1.47174943  1.20164621  0.        )
	( 1.31682844  1.07515714  0.        )
	( 1.00698645  0.82217899  0.        )
	( 0.85206546  0.69568991  0.        )
	( 0.77460496  0.63244538  0.        )
	( 1.54920992  1.26489075  0.1       )
	( 1.47174943  1.20164621  0.1       )
	( 1.31682844  1.07515714  0.1       )
	( 1.00698645  0.82217899  0.1       )
	( 0.85206546  0.69568991  0.1       )
	( 0.77460496  0.63244538  0.1       )
	( 1.64596773  1.13612949  0.        )
	( 1.56366935  1.07932302  0.        )
	( 1.39907257  0.96571007  0.        )
	( 1.06987903  0.73848417  0.        )
	( 0.90528225  0.62487122  0.        )
	( 0.82298387  0.56806475  0.        )
	( 1.64596773  1.13612949  0.1       )
	( 1.56366935  1.07932302  0.1       )
	( 1.39907257  0.96571007  0.1       )
	( 1.06987903  0.73848417  0.1       )
	( 0.90528225  0.62487122  0.1       )
	( 0.82298387  0.56806475  0.1       )
	( 1.73205081  1.          0.        )
	( 1.64544827  0.95        0.        )
	( 1.47224319  0.85        0.        )
	( 1.12583302  0.65        0.        )
	( 0.95262794  0.55        0.        )
	( 0.8660254  0.5        0.       )
	( 1.73205081  1.          0.1       )
	( 1.64544827  0.95        0.1       )
	( 1.47224319  0.85        0.1       )
	( 1.12583302  0.65        0.1       )
	( 0.95262794  0.55        0.1       )
	( 0.8660254  0.5        0.1      )
	( 1.80690087  0.85738512  0.        )
	( 1.71655583  0.81451587  0.        )
	( 1.53586574  0.72877735  0.        )
	( 1.17448556  0.55730033  0.        )
	( 0.99379548  0.47156182  0.        )
	( 0.90345043  0.42869256  0.        )
	( 1.80690087  0.85738512  0.1       )
	( 1.71655583  0.81451587  0.1       )
	( 1.53586574  0.72877735  0.1       )
	( 1.17448556  0.55730033  0.1       )
	( 0.99379548  0.47156182  0.1       )
	( 0.90345043  0.42869256  0.1       )
	( 1.87003249  0.70920977  0.        )
	( 1.77653086  0.67374929  0.        )
	( 1.58952761  0.60282831  0.        )
	( 1.21552112  0.46098635  0.        )
	( 1.02851787  0.39006538  0.        )
	( 0.93501624  0.35460489  0.        )
	( 1.87003249  0.70920977  0.1       )
	( 1.77653086  0.67374929  0.1       )
	( 1.58952761  0.60282831  0.1       )
	( 1.21552112  0.46098635  0.1       )
	( 1.02851787  0.39006538  0.1       )
	( 0.93501624  0.35460489  0.1       )
	( 1.92103622  0.55643493  0.        )
	( 1.82498441  0.52861318  0.        )
	( 1.63288079  0.47296969  0.        )
	( 1.24867355  0.3616827   0.        )
	( 1.05656992  0.30603921  0.        )
	( 0.96051811  0.27821746  0.        )
	( 1.92103622  0.55643493  0.1       )
	( 1.82498441  0.52861318  0.1       )
	( 1.63288079  0.47296969  0.1       )
	( 1.24867355  0.3616827   0.1       )
	( 1.05656992  0.30603921  0.1       )
	( 0.96051811  0.27821746  0.1       )
	( 1.9595813   0.40005139  0.        )
	( 1.86160224  0.38004882  0.        )
	( 1.66564411  0.34004368  0.        )
	( 1.27372785  0.2600334   0.        )
	( 1.07776972  0.22002826  0.        )
	( 0.97979065  0.20002569  0.        )
	( 1.9595813   0.40005139  0.1       )
	( 1.86160224  0.38004882  0.1       )
	( 1.66564411  0.34004368  0.1       )
	( 1.27372785  0.2600334   0.1       )
	( 1.07776972  0.22002826  0.1       )
	( 0.97979065  0.20002569  0.1       )
	( 1.98541775  0.24107336  0.        )
	( 1.88614686  0.22901969  0.        )
	( 1.68760509  0.20491236  0.        )
	( 1.29052154  0.15669768  0.        )
	( 1.09197976  0.13259035  0.        )
	( 0.99270887  0.12053668  0.        )
	( 1.98541775  0.24107336  0.1       )
	( 1.88614686  0.22901969  0.1       )
	( 1.68760509  0.20491236  0.1       )
	( 1.29052154  0.15669768  0.1       )
	( 1.09197976  0.13259035  0.1       )
	( 0.99270887  0.12053668  0.1       )
	( 1.998378    0.08053188  0.        )
	( 1.8984591   0.07650529  0.        )
	( 1.6986213  0.0684521  0.       )
	( 1.2989457   0.05234572  0.        )
	( 1.0991079   0.04429253  0.        )
	( 0.999189    0.04026594  0.        )
	( 1.998378    0.08053188  0.1       )
	( 1.8984591   0.07650529  0.1       )
	( 1.6986213  0.0684521  0.1      )
	( 1.2989457   0.05234572  0.1       )
	( 1.0991079   0.04429253  0.1       )
	( 0.999189    0.04026594  0.1       )
	( 1.998378   -0.08053188  0.        )
	( 1.8984591  -0.07650529  0.        )
	( 1.6986213 -0.0684521  0.       )
	( 1.2989457  -0.05234572  0.        )
	( 1.0991079  -0.04429253  0.        )
	( 0.999189   -0.04026594  0.        )
	( 1.998378   -0.08053188  0.1       )
	( 1.8984591  -0.07650529  0.1       )
	( 1.6986213 -0.0684521  0.1      )
	( 1.2989457  -0.05234572  0.1       )
	( 1.0991079  -0.04429253  0.1       )
	( 0.999189   -0.04026594  0.1       )
	( 1.98541775 -0.24107336  0.        )
	( 1.88614686 -0.22901969  0.        )
	( 1.68760509 -0.20491236  0.        )
	( 1.29052154 -0.15669768  0.        )
	( 1.09197976 -0.13259035  0.        )
	( 0.99270887 -0.12053668  0.        )
	( 1.98541775 -0.24107336  0.1       )
	( 1.88614686 -0.22901969  0.1       )
	( 1.68760509 -0.20491236  0.1       )
	( 1.29052154 -0.15669768  0.1       )
	( 1.09197976 -0.13259035  0.1       )
	( 0.99270887 -0.12053668  0.1       )
	( 1.9595813  -0.40005139  0.        )
	( 1.86160224 -0.38004882  0.        )
	( 1.66564411 -0.34004368  0.        )
	( 1.27372785 -0.2600334   0.        )
	( 1.07776972 -0.22002826  0.        )
	( 0.97979065 -0.20002569  0.        )
	( 1.9595813  -0.40005139  0.1       )
	( 1.86160224 -0.38004882  0.1       )
	( 1.66564411 -0.34004368  0.1       )
	( 1.27372785 -0.2600334   0.1       )
	( 1.07776972 -0.22002826  0.1       )
	( 0.97979065 -0.20002569  0.1       )
	( 1.92103622 -0.55643493  0.        )
	( 1.82498441 -0.52861318  0.        )
	( 1.63288079 -0.47296969  0.        )
	( 1.24867355 -0.3616827   0.        )
	( 1.05656992 -0.30603921  0.        )
	( 0.96051811 -0.27821746  0.        )
	( 1.92103622 -0.55643493  0.1       )
	( 1.82498441 -0.52861318  0.1       )
	( 1.63288079 -0.47296969  0.1       )
	( 1.24867355 -0.3616827   0.1       )
	( 1.05656992 -0.30603921  0.1       )
	( 0.96051811 -0.27821746  0.1       )
	( 1.87003249 -0.70920977  0.        )
	( 1.77653086 -0.67374929  0.        )
	( 1.58952761 -0.60282831  0.        )
	( 1.21552112 -0.46098635  0.        )
	( 1.02851787 -0.39006538  0.        )
	( 0.93501624 -0.35460489  0.        )
	( 1.87003249 -0.70920977  0.1       )
	( 1.77653086 -0.67374929  0.1       )
	( 1.58952761 -0.60282831  0.1       )
	( 1.21552112 -0.46098635  0.1       )
	( 1.02851787 -0.39006538  0.1       )
	( 0.93501624 -0.35460489  0.1       )
	( 1.80690087 -0.85738512  0.        )
	( 1.71655583 -0.81451587  0.        )
	( 1.53586574 -0.72877735  0.        )
	( 1.17448556 -0.55730033  0.        )
	( 0.99379548 -0.47156182  0.        )
	( 0.90345043 -0.42869256  0.        )
	( 1.80690087 -0.85738512  0.1       )
	( 1.71655583 -0.81451587  0.1       )
	( 1.53586574 -0.72877735  0.1       )
	( 1.17448556 -0.55730033  0.1       )
	( 0.99379548 -0.47156182  0.1       )
	( 0.90345043 -0.42869256  0.1       )
	( 1.73205081 -1.          0.        )
	( 1.64544827 -0.95        0.        )
	( 1.47224319 -0.85        0.        )
	( 1.12583302 -0.65        0.        )
	( 0.95262794 -0.55        0.        )
	( 0.8660254 -0.5        0.       )
	( 1.73205081 -1.          0.1       )
	( 1.64544827 -0.95        0.1       )
	( 1.47224319 -0.85        0.1       )
	( 1.12583302 -0.65        0.1       )
	( 0.95262794 -0.55        0.1       )
	( 0.8660254 -0.5        0.1      )
	( 1.64596773 -1.13612949  0.        )
	( 1.56366935 -1.07932302  0.        )
	( 1.39907257 -0.96571007  0.        )
	( 1.06987903 -0.73848417  0.        )
	( 0.90528225 -0.62487122  0.        )
	( 0.82298387 -0.56806475  0.        )
	( 1.64596773 -1.13612949  0.1       )
	( 1.56366935 -1.07932302  0.1       )
	( 1.39907257 -0.96571007  0.1       )
	( 1.06987903 -0.73848417  0.1       )
	( 0.90528225 -0.62487122  0.1       )
	( 0.82298387 -0.56806475  0.1       )
	( 1.54920992 -1.26489075  0.        )
	( 1.47174943 -1.20164621  0.        )
	( 1.31682844 -1.07515714  0.        )
	( 1.00698645 -0.82217899  0.        )
	( 0.85206546 -0.69568991  0.        )
	( 0.77460496 -0.63244538  0.        )
	( 1.54920992 -1.26489075  0.1       )
	( 1.47174943 -1.20164621  0.1       )
	( 1.31682844 -1.07515714  0.1       )
	( 1.00698645 -0.82217899  0.1       )
	( 0.85206546 -0.69568991  0.1       )
	( 0.77460496 -0.63244538  0.1       )
	( 1.44240489 -1.38544871  0.        )
	( 1.37028465 -1.31617627  0.        )
	( 1.22604416 -1.1776314   0.        )
	( 0.93756318 -0.90054166  0.        )
	( 0.79332269 -0.76199679  0.        )
	( 0.72120245 -0.69272435  0.        )
	( 1.44240489 -1.38544871  0.1       )
	( 1.37028465 -1.31617627  0.1       )
	( 1.22604416 -1.1776314   0.1       )
	( 0.93756318 -0.90054166  0.1       )
	( 0.79332269 -0.76199679  0.1       )
	( 0.72120245 -0.69272435  0.1       )
	( 1.32624532 -1.4970215   0.        )
	( 1.25993305 -1.42217042  0.        )
	( 1.12730852 -1.27246827  0.        )
	( 0.86205946 -0.97306397  0.        )
	( 0.72943492 -0.82336182  0.        )
	( 0.66312266 -0.74851075  0.        )
	( 1.32624532 -1.4970215   0.1       )
	( 1.25993305 -1.42217042  0.1       )
	( 1.12730852 -1.27246827  0.1       )
	( 0.86205946 -0.97306397  0.1       )
	( 0.72943492 -0.82336182  0.1       )
	( 0.66312266 -0.74851075  0.1       )
	( 1.20148453 -1.59888553  0.        )
	( 1.1414103  -1.51894125  0.        )
	( 1.02126185 -1.3590527   0.        )
	( 0.78096494 -1.03927559  0.        )
	( 0.66081649 -0.87938704  0.        )
	( 0.60074226 -0.79944276  0.        )
	( 1.20148453 -1.59888553  0.1       )
	( 1.1414103  -1.51894125  0.1       )
	( 1.02126185 -1.3590527   0.1       )
	( 0.78096494 -1.03927559  0.1       )
	( 0.66081649 -0.87938704  0.1       )
	( 0.60074226 -0.79944276  0.1       )
	( 1.06893165 -1.69038017  0.        )
	( 1.01548507 -1.60586116  0.        )
	( 0.9085919  -1.43682315  0.        )
	( 0.69480557 -1.09874711  0.        )
	( 0.58791241 -0.92970909  0.        )
	( 0.53446583 -0.84519009  0.        )
	( 1.06893165 -1.69038017  0.1       )
	( 1.01548507 -1.60586116  0.1       )
	( 0.9085919  -1.43682315  0.1       )
	( 0.69480557 -1.09874711  0.1       )
	( 0.58791241 -0.92970909  0.1       )
	( 0.53446583 -0.84519009  0.1       )
	( 0.92944634 -1.77091205  0.        )
	( 0.88297403 -1.68236645  0.        )
	( 0.79002939 -1.50527524  0.        )
	( 0.60414012 -1.15109283  0.        )
	( 0.51119549 -0.97400163  0.        )
	( 0.46472317 -0.88545603  0.        )
	( 0.92944634 -1.77091205  0.1       )
	( 0.88297403 -1.68236645  0.1       )
	( 0.79002939 -1.50527524  0.1       )
	( 0.60414012 -1.15109283  0.1       )
	( 0.51119549 -0.97400163  0.1       )
	( 0.46472317 -0.88545603  0.1       )
	( 0.78393322 -1.83995889  0.        )
	( 0.74473656 -1.74796094  0.        )
	( 0.66634324 -1.56396505  0.        )
	( 0.50955659 -1.19597328  0.        )
	( 0.43116327 -1.01197739  0.        )
	( 0.39196661 -0.91997944  0.        )
	( 0.78393322 -1.83995889  0.1       )
	( 0.74473656 -1.74796094  0.1       )
	( 0.66634324 -1.56396505  0.1       )
	( 0.50955659 -1.19597328  0.1       )
	( 0.43116327 -1.01197739  0.1       )
	( 0.39196661 -0.91997944  0.1       )
	( 0.63333599 -1.89707288  0.        )
	( 0.60166919 -1.80221924  0.        )
	( 0.53833559 -1.61251195  0.        )
	( 0.41166839 -1.23309737  0.        )
	( 0.34833479 -1.04339009  0.        )
	( 0.31666799 -0.94853644  0.        )
	( 0.63333599 -1.89707288  0.1       )
	( 0.60166919 -1.80221924  0.1       )
	( 0.53833559 -1.61251195  0.1       )
	( 0.41166839 -1.23309737  0.1       )
	( 0.34833479 -1.04339009  0.1       )
	( 0.31666799 -0.94853644  0.1       )
	( 0.47863133 -1.94188363  0.        )
	( 0.45469976 -1.84478945  0.        )
	( 0.40683663 -1.65060109  0.        )
	( 0.31111036 -1.26222436  0.        )
	( 0.26324723 -1.068036    0.        )
	( 0.23931566 -0.97094182  0.        )
	( 0.47863133 -1.94188363  0.1       )
	( 0.45469976 -1.84478945  0.1       )
	( 0.40683663 -1.65060109  0.1       )
	( 0.31111036 -1.26222436  0.1       )
	( 0.26324723 -1.068036    0.1       )
	( 0.23931566 -0.97094182  0.1       )
	( 0.32082256 -1.97410053  0.        )
	( 0.30478143 -1.8753955   0.        )
	( 0.27269918 -1.67798545  0.        )
	( 0.20853467 -1.28316534  0.        )
	( 0.17645241 -1.08575529  0.        )
	( 0.16041128 -0.98705026  0.        )
	( 0.32082256 -1.97410053  0.1       )
	( 0.30478143 -1.8753955   0.1       )
	( 0.27269918 -1.67798545  0.1       )
	( 0.20853467 -1.28316534  0.1       )
	( 0.17645241 -1.08575529  0.1       )
	( 0.16041128 -0.98705026  0.1       )
	( 0.16093314 -1.99351462  0.        )
	( 0.15288648 -1.89383889  0.        )
	( 0.13679317 -1.69448742  0.        )
	( 0.10460654 -1.2957845   0.        )
	( 0.08851323 -1.09643304  0.        )
	( 0.08046657 -0.99675731  0.        )
	( 0.16093314 -1.99351462  0.1       )
	( 0.15288648 -1.89383889  0.1       )
	( 0.13679317 -1.69448742  0.1       )
	( 0.10460654 -1.2957845   0.1       )
	( 0.08851323 -1.09643304  0.1       )
	( 0.08046657 -0.99675731  0.1       )
	(  1.22464680e-16  -2.00000000e+00   0.00000000e+00)
	(  1.16341446e-16  -1.90000000e+00   0.00000000e+00)
	(  1.04094978e-16  -1.70000000e+00   0.00000000e+00)
	(  7.96020419e-17  -1.30000000e+00   0.00000000e+00)
	(  6.73555740e-17  -1.10000000e+00   0.00000000e+00)
	(  6.12323400e-17  -1.00000000e+00   0.00000000e+00)
	(  1.22464680e-16  -2.00000000e+00   1.00000000e-01)
	(  1.16341446e-16  -1.90000000e+00   1.00000000e-01)
	(  1.04094978e-16  -1.70000000e+00   1.00000000e-01)
	(  7.96020419e-17  -1.30000000e+00   1.00000000e-01)
	(  6.73555740e-17  -1.10000000e+00   1.00000000e-01)
	(  6.12323400e-17  -1.00000000e+00   1.00000000e-01)
	(-0.1 -2.   0. )
	(-0.1 -1.9  0. )
	(-0.1 -1.7  0. )
	(-0.1 -1.3  0. )
	(-0.1 -1.1  0. )
	(-0.1 -1.   0. )
	(-0.1 -2.   0.1)
	(-0.1 -1.9  0.1)
	(-0.1 -1.7  0.1)
	(-0.1 -1.3  0.1)
	(-0.1 -1.1  0.1)
	(-0.1 -1.   0.1)
	(-0.2 -2.   0. )
	(-0.2 -1.9  0. )
	(-0.2 -1.7  0. )
	(-0.2 -1.3  0. )
	(-0.2 -1.1  0. )
	(-0.2 -1.   0. )
	(-0.2 -2.   0.1)
	(-0.2 -1.9  0.1)
	(-0.2 -1.7  0.1)
	(-0.2 -1.3  0.1)
	(-0.2 -1.1  0.1)
	(-0.2 -1.   0.1)
	(-0.3 -2.   0. )
	(-0.3 -1.9  0. )
	(-0.3 -1.7  0. )
	(-0.3 -1.3  0. )
	(-0.3 -1.1  0. )
	(-0.3 -1.   0. )
	(-0.3 -2.   0.1)
	(-0.3 -1.9  0.1)
	(-0.3 -1.7  0.1)
	(-0.3 -1.3  0.1)
	(-0.3 -1.1  0.1)
	(-0.3 -1.   0.1)
	(-0.4 -2.   0. )
	(-0.4 -1.9  0. )
	(-0.4 -1.7  0. )
	(-0.4 -1.3  0. )
	(-0.4 -1.1  0. )
	(-0.4 -1.   0. )
	(-0.4 -2.   0.1)
	(-0.4 -1.9  0.1)
	(-0.4 -1.7  0.1)
	(-0.4 -1.3  0.1)
	(-0.4 -1.1  0.1)
	(-0.4 -1.   0.1)
	(-0.5 -2.   0. )
	(-0.5 -1.9  0. )
	(-0.5 -1.7  0. )
	(-0.5 -1.3  0. )
	(-0.5 -1.1  0. )
	(-0.5 -1.   0. )
	(-0.5 -2.   0.1)
	(-0.5 -1.9  0.1)
	(-0.5 -1.7  0.1)
	(-0.5 -1.3  0.1)
	(-0.5 -1.1  0.1)
	(-0.5 -1.   0.1)
	(-0.6 -2.   0. )
	(-0.6 -1.9  0. )
	(-0.6 -1.7  0. )
	(-0.6 -1.3  0. )
	(-0.6 -1.1  0. )
	(-0.6 -1.   0. )
	(-0.6 -2.   0.1)
	(-0.6 -1.9  0.1)
	(-0.6 -1.7  0.1)
	(-0.6 -1.3  0.1)
	(-0.6 -1.1  0.1)
	(-0.6 -1.   0.1)
	(-0.7 -2.   0. )
	(-0.7 -1.9  0. )
	(-0.7 -1.7  0. )
	(-0.7 -1.3  0. )
	(-0.7 -1.1  0. )
	(-0.7 -1.   0. )
	(-0.7 -2.   0.1)
	(-0.7 -1.9  0.1)
	(-0.7 -1.7  0.1)
	(-0.7 -1.3  0.1)
	(-0.7 -1.1  0.1)
	(-0.7 -1.   0.1)
	(-0.8 -2.   0. )
	(-0.8 -1.9  0. )
	(-0.8 -1.7  0. )
	(-0.8 -1.3  0. )
	(-0.8 -1.1  0. )
	(-0.8 -1.   0. )
	(-0.8 -2.   0.1)
	(-0.8 -1.9  0.1)
	(-0.8 -1.7  0.1)
	(-0.8 -1.3  0.1)
	(-0.8 -1.1  0.1)
	(-0.8 -1.   0.1)
	(-0.9 -2.   0. )
	(-0.9 -1.9  0. )
	(-0.9 -1.7  0. )
	(-0.9 -1.3  0. )
	(-0.9 -1.1  0. )
	(-0.9 -1.   0. )
	(-0.9 -2.   0.1)
	(-0.9 -1.9  0.1)
	(-0.9 -1.7  0.1)
	(-0.9 -1.3  0.1)
	(-0.9 -1.1  0.1)
	(-0.9 -1.   0.1)
	(-1. -2.  0.)
	(-1.  -1.9  0. )
	(-1.  -1.7  0. )
	(-1.  -1.3  0. )
	(-1.  -1.1  0. )
	(-1. -1.  0.)
	(-1.  -2.   0.1)
	(-1.  -1.9  0.1)
	(-1.  -1.7  0.1)
	(-1.  -1.3  0.1)
	(-1.  -1.1  0.1)
	(-1.  -1.   0.1)
	
 );
 
 blocks
 (
        hex ( 0  1 13 12  6  7 19 18)
	(5 1 1)
	simpleGrading (1 1 1)

	hex ( 1  2 14 13  7  8 20 19)
	(3 1 1)
	simpleGrading (1 1 1)

	hex ( 2  3 15 14  8  9 21 20)
	(3 1 1)
	simpleGrading (1 1 1)

	hex ( 3  4 16 15  9 10 22 21)
	(3 1 1)
	simpleGrading (1 1 1)

	hex ( 4  5 17 16 10 11 23 22)
	(5 1 1)
	simpleGrading (1 1 1)

	hex (12 13 25 24 18 19 31 30)
	(5 1 1)
	simpleGrading (1 1 1)

	hex (13 14 26 25 19 20 32 31)
	(3 1 1)
	simpleGrading (1 1 1)

	hex (14 15 27 26 20 21 33 32)
	(3 1 1)
	simpleGrading (1 1 1)

	hex (15 16 28 27 21 22 34 33)
	(3 1 1)
	simpleGrading (1 1 1)

	hex (16 17 29 28 22 23 35 34)
	(5 1 1)
	simpleGrading (1 1 1)

	hex (24 25 37 36 30 31 43 42)
	(5 1 1)
	simpleGrading (1 1 1)

	hex (25 26 38 37 31 32 44 43)
	(3 1 1)
	simpleGrading (1 1 1)

	hex (26 27 39 38 32 33 45 44)
	(3 1 1)
	simpleGrading (1 1 1)

	hex (27 28 40 39 33 34 46 45)
	(3 1 1)
	simpleGrading (1 1 1)

	hex (28 29 41 40 34 35 47 46)
	(5 1 1)
	simpleGrading (1 1 1)

	hex (36 37 49 48 42 43 55 54)
	(5 1 1)
	simpleGrading (1 1 1)

	hex (37 38 50 49 43 44 56 55)
	(3 1 1)
	simpleGrading (1 1 1)

	hex (38 39 51 50 44 45 57 56)
	(3 1 1)
	simpleGrading (1 1 1)

	hex (39 40 52 51 45 46 58 57)
	(3 1 1)
	simpleGrading (1 1 1)

	hex (40 41 53 52 46 47 59 58)
	(5 1 1)
	simpleGrading (1 1 1)

	hex (48 49 61 60 54 55 67 66)
	(5 1 1)
	simpleGrading (1 1 1)

	hex (49 50 62 61 55 56 68 67)
	(3 1 1)
	simpleGrading (1 1 1)

	hex (50 51 63 62 56 57 69 68)
	(3 1 1)
	simpleGrading (1 1 1)

	hex (51 52 64 63 57 58 70 69)
	(3 1 1)
	simpleGrading (1 1 1)

	hex (52 53 65 64 58 59 71 70)
	(5 1 1)
	simpleGrading (1 1 1)

	hex (60 61 73 72 66 67 79 78)
	(5 1 1)
	simpleGrading (1 1 1)

	hex (61 62 74 73 67 68 80 79)
	(3 1 1)
	simpleGrading (1 1 1)

	hex (62 63 75 74 68 69 81 80)
	(3 1 1)
	simpleGrading (1 1 1)

	hex (63 64 76 75 69 70 82 81)
	(3 1 1)
	simpleGrading (1 1 1)

	hex (64 65 77 76 70 71 83 82)
	(5 1 1)
	simpleGrading (1 1 1)

	hex (72 73 85 84 78 79 91 90)
	(5 1 1)
	simpleGrading (1 1 1)

	hex (73 74 86 85 79 80 92 91)
	(3 1 1)
	simpleGrading (1 1 1)

	hex (74 75 87 86 80 81 93 92)
	(3 1 1)
	simpleGrading (1 1 1)

	hex (75 76 88 87 81 82 94 93)
	(3 1 1)
	simpleGrading (1 1 1)

	hex (76 77 89 88 82 83 95 94)
	(5 1 1)
	simpleGrading (1 1 1)

	hex ( 84  85  97  96  90  91 103 102)
	(5 1 1)
	simpleGrading (1 1 1)

	hex ( 85  86  98  97  91  92 104 103)
	(3 1 1)
	simpleGrading (1 1 1)

	hex ( 86  87  99  98  92  93 105 104)
	(3 1 1)
	simpleGrading (1 1 1)

	hex ( 87  88 100  99  93  94 106 105)
	(3 1 1)
	simpleGrading (1 1 1)

	hex ( 88  89 101 100  94  95 107 106)
	(5 1 1)
	simpleGrading (1 1 1)

	hex ( 96  97 109 108 102 103 115 114)
	(5 1 1)
	simpleGrading (1 1 1)

	hex ( 97  98 110 109 103 104 116 115)
	(3 1 1)
	simpleGrading (1 1 1)

	hex ( 98  99 111 110 104 105 117 116)
	(3 1 1)
	simpleGrading (1 1 1)

	hex ( 99 100 112 111 105 106 118 117)
	(3 1 1)
	simpleGrading (1 1 1)

	hex (100 101 113 112 106 107 119 118)
	(5 1 1)
	simpleGrading (1 1 1)

	hex (108 109 121 120 114 115 127 126)
	(5 1 1)
	simpleGrading (1 1 1)

	hex (109 110 122 121 115 116 128 127)
	(3 1 1)
	simpleGrading (1 1 1)

	hex (110 111 123 122 116 117 129 128)
	(3 1 1)
	simpleGrading (1 1 1)

	hex (111 112 124 123 117 118 130 129)
	(3 1 1)
	simpleGrading (1 1 1)

	hex (112 113 125 124 118 119 131 130)
	(5 1 1)
	simpleGrading (1 1 1)

	hex (120 121 133 132 126 127 139 138)
	(5 1 1)
	simpleGrading (1 1 1)

	hex (121 122 134 133 127 128 140 139)
	(3 1 1)
	simpleGrading (1 1 1)

	hex (122 123 135 134 128 129 141 140)
	(3 1 1)
	simpleGrading (1 1 1)

	hex (123 124 136 135 129 130 142 141)
	(3 1 1)
	simpleGrading (1 1 1)

	hex (124 125 137 136 130 131 143 142)
	(5 1 1)
	simpleGrading (1 1 1)

	hex (132 133 145 144 138 139 151 150)
	(5 1 1)
	simpleGrading (1 1 1)

	hex (133 134 146 145 139 140 152 151)
	(3 1 1)
	simpleGrading (1 1 1)

	hex (134 135 147 146 140 141 153 152)
	(3 1 1)
	simpleGrading (1 1 1)

	hex (135 136 148 147 141 142 154 153)
	(3 1 1)
	simpleGrading (1 1 1)

	hex (136 137 149 148 142 143 155 154)
	(5 1 1)
	simpleGrading (1 1 1)

	hex (144 145 157 156 150 151 163 162)
	(5 1 1)
	simpleGrading (1 1 1)

	hex (145 146 158 157 151 152 164 163)
	(3 1 1)
	simpleGrading (1 1 1)

	hex (146 147 159 158 152 153 165 164)
	(3 1 1)
	simpleGrading (1 1 1)

	hex (147 148 160 159 153 154 166 165)
	(3 1 1)
	simpleGrading (1 1 1)

	hex (148 149 161 160 154 155 167 166)
	(5 1 1)
	simpleGrading (1 1 1)

	hex (156 157 169 168 162 163 175 174)
	(5 1 1)
	simpleGrading (1 1 1)

	hex (157 158 170 169 163 164 176 175)
	(3 1 1)
	simpleGrading (1 1 1)

	hex (158 159 171 170 164 165 177 176)
	(3 1 1)
	simpleGrading (1 1 1)

	hex (159 160 172 171 165 166 178 177)
	(3 1 1)
	simpleGrading (1 1 1)

	hex (160 161 173 172 166 167 179 178)
	(5 1 1)
	simpleGrading (1 1 1)

	hex (168 169 181 180 174 175 187 186)
	(5 1 1)
	simpleGrading (1 1 1)

	hex (169 170 182 181 175 176 188 187)
	(3 1 1)
	simpleGrading (1 1 1)

	hex (170 171 183 182 176 177 189 188)
	(3 1 1)
	simpleGrading (1 1 1)

	hex (171 172 184 183 177 178 190 189)
	(3 1 1)
	simpleGrading (1 1 1)

	hex (172 173 185 184 178 179 191 190)
	(5 1 1)
	simpleGrading (1 1 1)

	hex (180 181 193 192 186 187 199 198)
	(5 1 1)
	simpleGrading (1 1 1)

	hex (181 182 194 193 187 188 200 199)
	(3 1 1)
	simpleGrading (1 1 1)

	hex (182 183 195 194 188 189 201 200)
	(3 1 1)
	simpleGrading (1 1 1)

	hex (183 184 196 195 189 190 202 201)
	(3 1 1)
	simpleGrading (1 1 1)

	hex (184 185 197 196 190 191 203 202)
	(5 1 1)
	simpleGrading (1 1 1)

	hex (192 193 205 204 198 199 211 210)
	(5 1 1)
	simpleGrading (1 1 1)

	hex (193 194 206 205 199 200 212 211)
	(3 1 1)
	simpleGrading (1 1 1)

	hex (194 195 207 206 200 201 213 212)
	(3 1 1)
	simpleGrading (1 1 1)

	hex (195 196 208 207 201 202 214 213)
	(3 1 1)
	simpleGrading (1 1 1)

	hex (196 197 209 208 202 203 215 214)
	(5 1 1)
	simpleGrading (1 1 1)

	hex (204 205 217 216 210 211 223 222)
	(5 1 1)
	simpleGrading (1 1 1)

	hex (205 206 218 217 211 212 224 223)
	(3 1 1)
	simpleGrading (1 1 1)

	hex (206 207 219 218 212 213 225 224)
	(3 1 1)
	simpleGrading (1 1 1)

	hex (207 208 220 219 213 214 226 225)
	(3 1 1)
	simpleGrading (1 1 1)

	hex (208 209 221 220 214 215 227 226)
	(5 1 1)
	simpleGrading (1 1 1)

	hex (216 217 229 228 222 223 235 234)
	(5 1 1)
	simpleGrading (1 1 1)

	hex (217 218 230 229 223 224 236 235)
	(3 1 1)
	simpleGrading (1 1 1)

	hex (218 219 231 230 224 225 237 236)
	(3 1 1)
	simpleGrading (1 1 1)

	hex (219 220 232 231 225 226 238 237)
	(3 1 1)
	simpleGrading (1 1 1)

	hex (220 221 233 232 226 227 239 238)
	(5 1 1)
	simpleGrading (1 1 1)

	hex (228 229 241 240 234 235 247 246)
	(5 1 1)
	simpleGrading (1 1 1)

	hex (229 230 242 241 235 236 248 247)
	(3 1 1)
	simpleGrading (1 1 1)

	hex (230 231 243 242 236 237 249 248)
	(3 1 1)
	simpleGrading (1 1 1)

	hex (231 232 244 243 237 238 250 249)
	(3 1 1)
	simpleGrading (1 1 1)

	hex (232 233 245 244 238 239 251 250)
	(5 1 1)
	simpleGrading (1 1 1)

	hex (240 241 253 252 246 247 259 258)
	(5 1 1)
	simpleGrading (1 1 1)

	hex (241 242 254 253 247 248 260 259)
	(3 1 1)
	simpleGrading (1 1 1)

	hex (242 243 255 254 248 249 261 260)
	(3 1 1)
	simpleGrading (1 1 1)

	hex (243 244 256 255 249 250 262 261)
	(3 1 1)
	simpleGrading (1 1 1)

	hex (244 245 257 256 250 251 263 262)
	(5 1 1)
	simpleGrading (1 1 1)

	hex (252 253 265 264 258 259 271 270)
	(5 1 1)
	simpleGrading (1 1 1)

	hex (253 254 266 265 259 260 272 271)
	(3 1 1)
	simpleGrading (1 1 1)

	hex (254 255 267 266 260 261 273 272)
	(3 1 1)
	simpleGrading (1 1 1)

	hex (255 256 268 267 261 262 274 273)
	(3 1 1)
	simpleGrading (1 1 1)

	hex (256 257 269 268 262 263 275 274)
	(5 1 1)
	simpleGrading (1 1 1)

	hex (264 265 277 276 270 271 283 282)
	(5 1 1)
	simpleGrading (1 1 1)

	hex (265 266 278 277 271 272 284 283)
	(3 1 1)
	simpleGrading (1 1 1)

	hex (266 267 279 278 272 273 285 284)
	(3 1 1)
	simpleGrading (1 1 1)

	hex (267 268 280 279 273 274 286 285)
	(3 1 1)
	simpleGrading (1 1 1)

	hex (268 269 281 280 274 275 287 286)
	(5 1 1)
	simpleGrading (1 1 1)

	hex (276 277 289 288 282 283 295 294)
	(5 1 1)
	simpleGrading (1 1 1)

	hex (277 278 290 289 283 284 296 295)
	(3 1 1)
	simpleGrading (1 1 1)

	hex (278 279 291 290 284 285 297 296)
	(3 1 1)
	simpleGrading (1 1 1)

	hex (279 280 292 291 285 286 298 297)
	(3 1 1)
	simpleGrading (1 1 1)

	hex (280 281 293 292 286 287 299 298)
	(5 1 1)
	simpleGrading (1 1 1)

	hex (288 289 301 300 294 295 307 306)
	(5 1 1)
	simpleGrading (1 1 1)

	hex (289 290 302 301 295 296 308 307)
	(3 1 1)
	simpleGrading (1 1 1)

	hex (290 291 303 302 296 297 309 308)
	(3 1 1)
	simpleGrading (1 1 1)

	hex (291 292 304 303 297 298 310 309)
	(3 1 1)
	simpleGrading (1 1 1)

	hex (292 293 305 304 298 299 311 310)
	(5 1 1)
	simpleGrading (1 1 1)

	hex (300 301 313 312 306 307 319 318)
	(5 1 1)
	simpleGrading (1 1 1)

	hex (301 302 314 313 307 308 320 319)
	(3 1 1)
	simpleGrading (1 1 1)

	hex (302 303 315 314 308 309 321 320)
	(3 1 1)
	simpleGrading (1 1 1)

	hex (303 304 316 315 309 310 322 321)
	(3 1 1)
	simpleGrading (1 1 1)

	hex (304 305 317 316 310 311 323 322)
	(5 1 1)
	simpleGrading (1 1 1)

	hex (312 313 325 324 318 319 331 330)
	(5 1 1)
	simpleGrading (1 1 1)

	hex (313 314 326 325 319 320 332 331)
	(3 1 1)
	simpleGrading (1 1 1)

	hex (314 315 327 326 320 321 333 332)
	(3 1 1)
	simpleGrading (1 1 1)

	hex (315 316 328 327 321 322 334 333)
	(3 1 1)
	simpleGrading (1 1 1)

	hex (316 317 329 328 322 323 335 334)
	(5 1 1)
	simpleGrading (1 1 1)

	hex (324 325 337 336 330 331 343 342)
	(5 1 1)
	simpleGrading (1 1 1)

	hex (325 326 338 337 331 332 344 343)
	(3 1 1)
	simpleGrading (1 1 1)

	hex (326 327 339 338 332 333 345 344)
	(3 1 1)
	simpleGrading (1 1 1)

	hex (327 328 340 339 333 334 346 345)
	(3 1 1)
	simpleGrading (1 1 1)

	hex (328 329 341 340 334 335 347 346)
	(5 1 1)
	simpleGrading (1 1 1)

	hex (336 337 349 348 342 343 355 354)
	(5 1 1)
	simpleGrading (1 1 1)

	hex (337 338 350 349 343 344 356 355)
	(3 1 1)
	simpleGrading (1 1 1)

	hex (338 339 351 350 344 345 357 356)
	(3 1 1)
	simpleGrading (1 1 1)

	hex (339 340 352 351 345 346 358 357)
	(3 1 1)
	simpleGrading (1 1 1)

	hex (340 341 353 352 346 347 359 358)
	(5 1 1)
	simpleGrading (1 1 1)

	hex (348 349 361 360 354 355 367 366)
	(5 1 1)
	simpleGrading (1 1 1)

	hex (349 350 362 361 355 356 368 367)
	(3 1 1)
	simpleGrading (1 1 1)

	hex (350 351 363 362 356 357 369 368)
	(3 1 1)
	simpleGrading (1 1 1)

	hex (351 352 364 363 357 358 370 369)
	(3 1 1)
	simpleGrading (1 1 1)

	hex (352 353 365 364 358 359 371 370)
	(5 1 1)
	simpleGrading (1 1 1)

	hex (360 361 373 372 366 367 379 378)
	(5 1 1)
	simpleGrading (1 1 1)

	hex (361 362 374 373 367 368 380 379)
	(3 1 1)
	simpleGrading (1 1 1)

	hex (362 363 375 374 368 369 381 380)
	(3 1 1)
	simpleGrading (1 1 1)

	hex (363 364 376 375 369 370 382 381)
	(3 1 1)
	simpleGrading (1 1 1)

	hex (364 365 377 376 370 371 383 382)
	(5 1 1)
	simpleGrading (1 1 1)

	hex (372 373 385 384 378 379 391 390)
	(5 1 1)
	simpleGrading (1 1 1)

	hex (373 374 386 385 379 380 392 391)
	(3 1 1)
	simpleGrading (1 1 1)

	hex (374 375 387 386 380 381 393 392)
	(3 1 1)
	simpleGrading (1 1 1)

	hex (375 376 388 387 381 382 394 393)
	(3 1 1)
	simpleGrading (1 1 1)

	hex (376 377 389 388 382 383 395 394)
	(5 1 1)
	simpleGrading (1 1 1)

	hex (384 385 397 396 390 391 403 402)
	(5 1 1)
	simpleGrading (1 1 1)

	hex (385 386 398 397 391 392 404 403)
	(3 1 1)
	simpleGrading (1 1 1)

	hex (386 387 399 398 392 393 405 404)
	(3 1 1)
	simpleGrading (1 1 1)

	hex (387 388 400 399 393 394 406 405)
	(3 1 1)
	simpleGrading (1 1 1)

	hex (388 389 401 400 394 395 407 406)
	(5 1 1)
	simpleGrading (1 1 1)

	hex (396 397 409 408 402 403 415 414)
	(5 1 1)
	simpleGrading (1 1 1)

	hex (397 398 410 409 403 404 416 415)
	(3 1 1)
	simpleGrading (1 1 1)

	hex (398 399 411 410 404 405 417 416)
	(3 1 1)
	simpleGrading (1 1 1)

	hex (399 400 412 411 405 406 418 417)
	(3 1 1)
	simpleGrading (1 1 1)

	hex (400 401 413 412 406 407 419 418)
	(5 1 1)
	simpleGrading (1 1 1)

	hex (408 409 421 420 414 415 427 426)
	(5 1 1)
	simpleGrading (1 1 1)

	hex (409 410 422 421 415 416 428 427)
	(3 1 1)
	simpleGrading (1 1 1)

	hex (410 411 423 422 416 417 429 428)
	(3 1 1)
	simpleGrading (1 1 1)

	hex (411 412 424 423 417 418 430 429)
	(3 1 1)
	simpleGrading (1 1 1)

	hex (412 413 425 424 418 419 431 430)
	(5 1 1)
	simpleGrading (1 1 1)

	hex (420 421 433 432 426 427 439 438)
	(5 1 1)
	simpleGrading (1 1 1)

	hex (421 422 434 433 427 428 440 439)
	(3 1 1)
	simpleGrading (1 1 1)

	hex (422 423 435 434 428 429 441 440)
	(3 1 1)
	simpleGrading (1 1 1)

	hex (423 424 436 435 429 430 442 441)
	(3 1 1)
	simpleGrading (1 1 1)

	hex (424 425 437 436 430 431 443 442)
	(5 1 1)
	simpleGrading (1 1 1)

	hex (432 433 445 444 438 439 451 450)
	(5 1 1)
	simpleGrading (1 1 1)

	hex (433 434 446 445 439 440 452 451)
	(3 1 1)
	simpleGrading (1 1 1)

	hex (434 435 447 446 440 441 453 452)
	(3 1 1)
	simpleGrading (1 1 1)

	hex (435 436 448 447 441 442 454 453)
	(3 1 1)
	simpleGrading (1 1 1)

	hex (436 437 449 448 442 443 455 454)
	(5 1 1)
	simpleGrading (1 1 1)

	hex (444 445 457 456 450 451 463 462)
	(5 1 1)
	simpleGrading (1 1 1)

	hex (445 446 458 457 451 452 464 463)
	(3 1 1)
	simpleGrading (1 1 1)

	hex (446 447 459 458 452 453 465 464)
	(3 1 1)
	simpleGrading (1 1 1)

	hex (447 448 460 459 453 454 466 465)
	(3 1 1)
	simpleGrading (1 1 1)

	hex (448 449 461 460 454 455 467 466)
	(5 1 1)
	simpleGrading (1 1 1)

	hex (456 457 469 468 462 463 475 474)
	(5 1 1)
	simpleGrading (1 1 1)

	hex (457 458 470 469 463 464 476 475)
	(3 1 1)
	simpleGrading (1 1 1)

	hex (458 459 471 470 464 465 477 476)
	(3 1 1)
	simpleGrading (1 1 1)

	hex (459 460 472 471 465 466 478 477)
	(3 1 1)
	simpleGrading (1 1 1)

	hex (460 461 473 472 466 467 479 478)
	(5 1 1)
	simpleGrading (1 1 1)

	hex (468 469 481 480 474 475 487 486)
	(5 1 1)
	simpleGrading (1 1 1)

	hex (469 470 482 481 475 476 488 487)
	(3 1 1)
	simpleGrading (1 1 1)

	hex (470 471 483 482 476 477 489 488)
	(3 1 1)
	simpleGrading (1 1 1)

	hex (471 472 484 483 477 478 490 489)
	(3 1 1)
	simpleGrading (1 1 1)

	hex (472 473 485 484 478 479 491 490)
	(5 1 1)
	simpleGrading (1 1 1)

	hex (480 481 493 492 486 487 499 498)
	(5 1 1)
	simpleGrading (1 1 1)

	hex (481 482 494 493 487 488 500 499)
	(3 1 1)
	simpleGrading (1 1 1)

	hex (482 483 495 494 488 489 501 500)
	(3 1 1)
	simpleGrading (1 1 1)

	hex (483 484 496 495 489 490 502 501)
	(3 1 1)
	simpleGrading (1 1 1)

	hex (484 485 497 496 490 491 503 502)
	(5 1 1)
	simpleGrading (1 1 1)

	hex (492 493 505 504 498 499 511 510)
	(5 1 1)
	simpleGrading (1 1 1)

	hex (493 494 506 505 499 500 512 511)
	(3 1 1)
	simpleGrading (1 1 1)

	hex (494 495 507 506 500 501 513 512)
	(3 1 1)
	simpleGrading (1 1 1)

	hex (495 496 508 507 501 502 514 513)
	(3 1 1)
	simpleGrading (1 1 1)

	hex (496 497 509 508 502 503 515 514)
	(5 1 1)
	simpleGrading (1 1 1)

	hex (504 505 517 516 510 511 523 522)
	(5 1 1)
	simpleGrading (1 1 1)

	hex (505 506 518 517 511 512 524 523)
	(3 1 1)
	simpleGrading (1 1 1)

	hex (506 507 519 518 512 513 525 524)
	(3 1 1)
	simpleGrading (1 1 1)

	hex (507 508 520 519 513 514 526 525)
	(3 1 1)
	simpleGrading (1 1 1)

	hex (508 509 521 520 514 515 527 526)
	(5 1 1)
	simpleGrading (1 1 1)

	hex (516 517 529 528 522 523 535 534)
	(5 1 1)
	simpleGrading (1 1 1)

	hex (517 518 530 529 523 524 536 535)
	(3 1 1)
	simpleGrading (1 1 1)

	hex (518 519 531 530 524 525 537 536)
	(3 1 1)
	simpleGrading (1 1 1)

	hex (519 520 532 531 525 526 538 537)
	(3 1 1)
	simpleGrading (1 1 1)

	hex (520 521 533 532 526 527 539 538)
	(5 1 1)
	simpleGrading (1 1 1)

	hex (528 529 541 540 534 535 547 546)
	(5 1 1)
	simpleGrading (1 1 1)

	hex (529 530 542 541 535 536 548 547)
	(3 1 1)
	simpleGrading (1 1 1)

	hex (530 531 543 542 536 537 549 548)
	(3 1 1)
	simpleGrading (1 1 1)

	hex (531 532 544 543 537 538 550 549)
	(3 1 1)
	simpleGrading (1 1 1)

	hex (532 533 545 544 538 539 551 550)
	(5 1 1)
	simpleGrading (1 1 1)

	hex (540 541 553 552 546 547 559 558)
	(5 1 1)
	simpleGrading (1 1 1)

	hex (541 542 554 553 547 548 560 559)
	(3 1 1)
	simpleGrading (1 1 1)

	hex (542 543 555 554 548 549 561 560)
	(3 1 1)
	simpleGrading (1 1 1)

	hex (543 544 556 555 549 550 562 561)
	(3 1 1)
	simpleGrading (1 1 1)

	hex (544 545 557 556 550 551 563 562)
	(5 1 1)
	simpleGrading (1 1 1)

	hex (552 553 565 564 558 559 571 570)
	(5 1 1)
	simpleGrading (1 1 1)

	hex (553 554 566 565 559 560 572 571)
	(3 1 1)
	simpleGrading (1 1 1)

	hex (554 555 567 566 560 561 573 572)
	(3 1 1)
	simpleGrading (1 1 1)

	hex (555 556 568 567 561 562 574 573)
	(3 1 1)
	simpleGrading (1 1 1)

	hex (556 557 569 568 562 563 575 574)
	(5 1 1)
	simpleGrading (1 1 1)

	hex (564 565 577 576 570 571 583 582)
	(5 1 1)
	simpleGrading (1 1 1)

	hex (565 566 578 577 571 572 584 583)
	(3 1 1)
	simpleGrading (1 1 1)

	hex (566 567 579 578 572 573 585 584)
	(3 1 1)
	simpleGrading (1 1 1)

	hex (567 568 580 579 573 574 586 585)
	(3 1 1)
	simpleGrading (1 1 1)

	hex (568 569 581 580 574 575 587 586)
	(5 1 1)
	simpleGrading (1 1 1)

	hex (576 577 589 588 582 583 595 594)
	(5 1 1)
	simpleGrading (1 1 1)

	hex (577 578 590 589 583 584 596 595)
	(3 1 1)
	simpleGrading (1 1 1)

	hex (578 579 591 590 584 585 597 596)
	(3 1 1)
	simpleGrading (1 1 1)

	hex (579 580 592 591 585 586 598 597)
	(3 1 1)
	simpleGrading (1 1 1)

	hex (580 581 593 592 586 587 599 598)
	(5 1 1)
	simpleGrading (1 1 1)

	hex (588 589 601 600 594 595 607 606)
	(5 1 1)
	simpleGrading (1 1 1)

	hex (589 590 602 601 595 596 608 607)
	(3 1 1)
	simpleGrading (1 1 1)

	hex (590 591 603 602 596 597 609 608)
	(3 1 1)
	simpleGrading (1 1 1)

	hex (591 592 604 603 597 598 610 609)
	(3 1 1)
	simpleGrading (1 1 1)

	hex (592 593 605 604 598 599 611 610)
	(5 1 1)
	simpleGrading (1 1 1)

	hex (600 601 613 612 606 607 619 618)
	(5 1 1)
	simpleGrading (1 1 1)

	hex (601 602 614 613 607 608 620 619)
	(3 1 1)
	simpleGrading (1 1 1)

	hex (602 603 615 614 608 609 621 620)
	(3 1 1)
	simpleGrading (1 1 1)

	hex (603 604 616 615 609 610 622 621)
	(3 1 1)
	simpleGrading (1 1 1)

	hex (604 605 617 616 610 611 623 622)
	(5 1 1)
	simpleGrading (1 1 1)

	hex (612 613 625 624 618 619 631 630)
	(5 1 1)
	simpleGrading (1 1 1)

	hex (613 614 626 625 619 620 632 631)
	(3 1 1)
	simpleGrading (1 1 1)

	hex (614 615 627 626 620 621 633 632)
	(3 1 1)
	simpleGrading (1 1 1)

	hex (615 616 628 627 621 622 634 633)
	(3 1 1)
	simpleGrading (1 1 1)

	hex (616 617 629 628 622 623 635 634)
	(5 1 1)
	simpleGrading (1 1 1)

	hex (624 625 637 636 630 631 643 642)
	(5 1 1)
	simpleGrading (1 1 1)

	hex (625 626 638 637 631 632 644 643)
	(3 1 1)
	simpleGrading (1 1 1)

	hex (626 627 639 638 632 633 645 644)
	(3 1 1)
	simpleGrading (1 1 1)

	hex (627 628 640 639 633 634 646 645)
	(3 1 1)
	simpleGrading (1 1 1)

	hex (628 629 641 640 634 635 647 646)
	(5 1 1)
	simpleGrading (1 1 1)

	hex (636 637 649 648 642 643 655 654)
	(5 1 1)
	simpleGrading (1 1 1)

	hex (637 638 650 649 643 644 656 655)
	(3 1 1)
	simpleGrading (1 1 1)

	hex (638 639 651 650 644 645 657 656)
	(3 1 1)
	simpleGrading (1 1 1)

	hex (639 640 652 651 645 646 658 657)
	(3 1 1)
	simpleGrading (1 1 1)

	hex (640 641 653 652 646 647 659 658)
	(5 1 1)
	simpleGrading (1 1 1)

	
 );
 
 edges
 (
 );
 
 boundary
 (
     inlet
     {
         type patch;
         faces
         (
 		(0 1 7 6)
		(1 2 8 7)
		(2 3 9 8)
		( 3  4 10  9)
		( 4  5 11 10)
		
         );
     }
     outlet
     {
         type patch;
         faces
         (
 		(649 648 654 655)
		(650 649 655 656)
		(651 650 656 657)
		(652 651 657 658)
		(653 652 658 659)
		
         );
     }
     wall_inner
     {
         type wall;
         faces
         (
 		( 5 17 23 11)
		(17 29 35 23)
		(29 41 47 35)
		(41 53 59 47)
		(53 65 71 59)
		(65 77 83 71)
		(77 89 95 83)
		( 89 101 107  95)
		(101 113 119 107)
		(113 125 131 119)
		(125 137 143 131)
		(137 149 155 143)
		(149 161 167 155)
		(161 173 179 167)
		(173 185 191 179)
		(185 197 203 191)
		(197 209 215 203)
		(209 221 227 215)
		(221 233 239 227)
		(233 245 251 239)
		(245 257 263 251)
		(257 269 275 263)
		(269 281 287 275)
		(281 293 299 287)
		(293 305 311 299)
		(305 317 323 311)
		(317 329 335 323)
		(329 341 347 335)
		(341 353 359 347)
		(353 365 371 359)
		(365 377 383 371)
		(377 389 395 383)
		(389 401 407 395)
		(401 413 419 407)
		(413 425 431 419)
		(425 437 443 431)
		(437 449 455 443)
		(449 461 467 455)
		(461 473 479 467)
		(473 485 491 479)
		(485 497 503 491)
		(497 509 515 503)
		(509 521 527 515)
		(521 533 539 527)
		(533 545 551 539)
		(545 557 563 551)
		(557 569 575 563)
		(569 581 587 575)
		(581 593 599 587)
		(593 605 611 599)
		(605 617 623 611)
		(617 629 635 623)
		(629 641 647 635)
		(641 653 659 647)
		
         );
     }
     wall_outer
     {
         type wall;
         faces
         (
 		( 0  6 18 12)
		(12 18 30 24)
		(24 30 42 36)
		(36 42 54 48)
		(48 54 66 60)
		(60 66 78 72)
		(72 78 90 84)
		( 84  90 102  96)
		( 96 102 114 108)
		(108 114 126 120)
		(120 126 138 132)
		(132 138 150 144)
		(144 150 162 156)
		(156 162 174 168)
		(168 174 186 180)
		(180 186 198 192)
		(192 198 210 204)
		(204 210 222 216)
		(216 222 234 228)
		(228 234 246 240)
		(240 246 258 252)
		(252 258 270 264)
		(264 270 282 276)
		(276 282 294 288)
		(288 294 306 300)
		(300 306 318 312)
		(312 318 330 324)
		(324 330 342 336)
		(336 342 354 348)
		(348 354 366 360)
		(360 366 378 372)
		(372 378 390 384)
		(384 390 402 396)
		(396 402 414 408)
		(408 414 426 420)
		(420 426 438 432)
		(432 438 450 444)
		(444 450 462 456)
		(456 462 474 468)
		(468 474 486 480)
		(480 486 498 492)
		(492 498 510 504)
		(504 510 522 516)
		(516 522 534 528)
		(528 534 546 540)
		(540 546 558 552)
		(552 558 570 564)
		(564 570 582 576)
		(576 582 594 588)
		(588 594 606 600)
		(600 606 618 612)
		(612 618 630 624)
		(624 630 642 636)
		(636 642 654 648)
		
         );
     }
 );
 
 mergePatchPairs
 (
 );
 
 // ************************************************************************* //
